"sequence_id","sequences","closest_reference","closest_host","nt_diff","nt_diff_host","nt_substitutions","aa_diff","aa_substitutions","assigned_unmutated_frequency","unmutated_frequency","unmutated_sequences","unmutated_umis","allelic_percentage","unique_ds","unique_js","unique_cdr3s","unique_ds_unmutated","unique_js_unmutated","unique_cdr3s_unmutated","haplotyping_gene","haplotyping_ratio","nt_sequence","nt_sequence_gapped"
"IGHV1-2*02","327","","","","","","","","22.32","5.14","73","","100","26","6","322","18","5","73","","","CAGGTGCAGCTGGTGCAGTCTGGGGCTGAGGTGAAGAAGCCTGGGGCCTCAGTGAAGGTCTCCTGCAAGGCTTCTGGATACACCTTCACCGGCTACTATATGCACTGGGTGCGACAGGCCCCTGGACAAGGGCTTGAGTGGATGGGATGGATCAACCCTAACAGTGGTGGCACAAACTATGCACAGAAGTTTCAGGGCAGGGTCACCATGACCAGGGACACGTCCATCAGCACAGCCTACATGGAGCTGAGCAGGCTGAGATCTGACGACACGGCCGTGTATTACTGTGCGAGAGA","CAGGTGCAGCTGGTGCAGTCTGGGGCT...GAGGTGAAGAAGCCTGGGGCCTCAGTGAAGGTCTCCTGCAAGGCTTCTGGATACACCTTC............ACCGGCTACTATATGCACTGGGTGCGACAGGCCCCTGGACAAGGGCTTGAGTGGATGGGATGGATCAACCCTAAC......AGTGGTGGCACAAACTATGCACAGAAGTTTCAG...GGCAGGGTCACCATGACCAGGGACACGTCCATCAGCACAGCCTACATGGAGCTGAGCAGGCTGAGATCTGACGACACGGCCGTGTATTACTGTGCGAGAGA"
"IGHV1-8*01","95","","","","","","","","29.47","1.97","28","","100","18","6","90","10","4","28","","","CAGGTGCAGCTGGTGCAGTCTGGGGCTGAGGTGAAGAAGCCTGGGGCCTCAGTGAAGGTCTCCTGCAAGGCTTCTGGATACACCTTCACCAGTTATGATATCAACTGGGTGCGACAGGCCACTGGACAAGGGCTTGAGTGGATGGGATGGATGAACCCTAACAGTGGTAACACAGGCTATGCACAGAAGTTCCAGGGCAGAGTCACCATGACCAGGAACACCTCCATAAGCACAGCCTACATGGAGCTGAGCAGCCTGAGATCTGAGGACACGGCCGTGTATTACTGTGCGAGAGG","CAGGTGCAGCTGGTGCAGTCTGGGGCT...GAGGTGAAGAAGCCTGGGGCCTCAGTGAAGGTCTCCTGCAAGGCTTCTGGATACACCTTC............ACCAGTTATGATATCAACTGGGTGCGACAGGCCACTGGACAAGGGCTTGAGTGGATGGGATGGATGAACCCTAAC......AGTGGTAACACAGGCTATGCACAGAAGTTCCAG...GGCAGAGTCACCATGACCAGGAACACCTCCATAAGCACAGCCTACATGGAGCTGAGCAGCCTGAGATCTGAGGACACGGCCGTGTATTACTGTGCGAGAGG"
"IGHV1-18*01","166","","","","","","","","26.51","3.1","44","","100","24","5","155","14","4","44","","","CAGGTTCAGCTGGTGCAGTCTGGAGCTGAGGTGAAGAAGCCTGGGGCCTCAGTGAAGGTCTCCTGCAAGGCTTCTGGTTACACCTTTACCAGCTATGGTATCAGCTGGGTGCGACAGGCCCCTGGACAAGGGCTTGAGTGGATGGGATGGATCAGCGCTTACAATGGTAACACAAACTATGCACAGAAGCTCCAGGGCAGAGTCACCATGACCACAGACACATCCACGAGCACAGCCTACATGGAGCTGAGGAGCCTGAGATCTGACGACACGGCCGTGTATTACTGTGCGAGAGA","CAGGTTCAGCTGGTGCAGTCTGGAGCT...GAGGTGAAGAAGCCTGGGGCCTCAGTGAAGGTCTCCTGCAAGGCTTCTGGTTACACCTTT............ACCAGCTATGGTATCAGCTGGGTGCGACAGGCCCCTGGACAAGGGCTTGAGTGGATGGGATGGATCAGCGCTTAC......AATGGTAACACAAACTATGCACAGAAGCTCCAG...GGCAGAGTCACCATGACCACAGACACATCCACGAGCACAGCCTACATGGAGCTGAGGAGCCTGAGATCTGACGACACGGCCGTGTATTACTGTGCGAGAGA"
"IGHV1-24*01","15","","","","","","","","53.33","0.56","8","","100","5","4","15","4","3","8","","","CAGGTCCAGCTGGTACAGTCTGGGGCTGAGGTGAAGAAGCCTGGGGCCTCAGTGAAGGTCTCCTGCAAGGTTTCCGGATACACCCTCACTGAATTATCCATGCACTGGGTGCGACAGGCTCCTGGAAAAGGGCTTGAGTGGATGGGAGGTTTTGATCCTGAAGATGGTGAAACAATCTACGCACAGAAGTTCCAGGGCAGAGTCACCATGACCGAGGACACATCTACAGACACAGCCTACATGGAGCTGAGCAGCCTGAGATCTGAGGACACGGCCGTGTATTACTGTGCAACAGA","CAGGTCCAGCTGGTACAGTCTGGGGCT...GAGGTGAAGAAGCCTGGGGCCTCAGTGAAGGTCTCCTGCAAGGTTTCCGGATACACCCTC............ACTGAATTATCCATGCACTGGGTGCGACAGGCTCCTGGAAAAGGGCTTGAGTGGATGGGAGGTTTTGATCCTGAA......GATGGTGAAACAATCTACGCACAGAAGTTCCAG...GGCAGAGTCACCATGACCGAGGACACATCTACAGACACAGCCTACATGGAGCTGAGCAGCCTGAGATCTGAGGACACGGCCGTGTATTACTGTGCAACAGA"
"IGHV1-45*02","1","","","","","","","","0","0","0","","100","0","1","1","0","0","0","","","CAGATGCAGCTGGTGCAGTCTGGGGCTGAGGTGAAGAAGACTGGGTCCTCAGTGAAGGTTTCCTGCAAGGCTTCCGGATACACCTTCACCTACCGCTACCTGCACTGGGTGCGACAGGCCCCCGGACAAGCGCTTGAGTGGATGGGATGGATCACACCTTTCAATGGTAACACCAACTACGCACAGAAATTCCAGGACAGAGTCACCATTACCAGGGACAGGTCTATGAGCACAGCCTACATGGAGCTGAGCAGCCTGAGATCTGAGGACACAGCCATGTATTACTGTGCAAGATA","CAGATGCAGCTGGTGCAGTCTGGGGCT...GAGGTGAAGAAGACTGGGTCCTCAGTGAAGGTTTCCTGCAAGGCTTCCGGATACACCTTC............ACCTACCGCTACCTGCACTGGGTGCGACAGGCCCCCGGACAAGCGCTTGAGTGGATGGGATGGATCACACCTTTC......AATGGTAACACCAACTACGCACAGAAATTCCAG...GACAGAGTCACCATTACCAGGGACAGGTCTATGAGCACAGCCTACATGGAGCTGAGCAGCCTGAGATCTGAGGACACAGCCATGTATTACTGTGCAAGATA"
"IGHV1-46*01","80","","","","","","","","46.25","2.61","37","","67","15","6","78","12","5","36","","","CAGGTGCAGCTGGTGCAGTCTGGGGCTGAGGTGAAGAAGCCTGGGGCCTCAGTGAAGGTTTCCTGCAAGGCATCTGGATACACCTTCACCAGCTACTATATGCACTGGGTGCGACAGGCCCCTGGACAAGGGCTTGAGTGGATGGGAATAATCAACCCTAGTGGTGGTAGCACAAGCTACGCACAGAAGTTCCAGGGCAGAGTCACCATGACCAGGGACACGTCCACGAGCACAGTCTACATGGAGCTGAGCAGCCTGAGATCTGAGGACACGGCCGTGTATTACTGTGCGAGAGA","CAGGTGCAGCTGGTGCAGTCTGGGGCT...GAGGTGAAGAAGCCTGGGGCCTCAGTGAAGGTTTCCTGCAAGGCATCTGGATACACCTTC............ACCAGCTACTATATGCACTGGGTGCGACAGGCCCCTGGACAAGGGCTTGAGTGGATGGGAATAATCAACCCTAGT......GGTGGTAGCACAAGCTACGCACAGAAGTTCCAG...GGCAGAGTCACCATGACCAGGGACACGTCCACGAGCACAGTCTACATGGAGCTGAGCAGCCTGAGATCTGAGGACACGGCCGTGTATTACTGTGCGAGAGA"
"IGHV1-46*03","39","","","","","","","","35.9","0.99","14","","33","11","5","37","7","4","14","","","CAGGTGCAGCTGGTGCAGTCTGGGGCTGAGGTGAAGAAGCCTGGGGCCTCAGTGAAGGTTTCCTGCAAGGCATCTGGATACACCTTCACCAGCTACTATATGCACTGGGTGCGACAGGCCCCTGGACAAGGGCTTGAGTGGATGGGAATAATCAACCCTAGTGGTGGTAGCACAAGCTACGCACAGAAGTTCCAGGGCAGAGTCACCATGACCAGGGACACGTCCACGAGCACAGTCTACATGGAGCTGAGCAGCCTGAGATCTGAGGACACGGCCGTGTATTACTGTGCTAGAGA","CAGGTGCAGCTGGTGCAGTCTGGGGCT...GAGGTGAAGAAGCCTGGGGCCTCAGTGAAGGTTTCCTGCAAGGCATCTGGATACACCTTC............ACCAGCTACTATATGCACTGGGTGCGACAGGCCCCTGGACAAGGGCTTGAGTGGATGGGAATAATCAACCCTAGT......GGTGGTAGCACAAGCTACGCACAGAAGTTCCAG...GGCAGAGTCACCATGACCAGGGACACGTCCACGAGCACAGTCTACATGGAGCTGAGCAGCCTGAGATCTGAGGACACGGCCGTGTATTACTGTGCTAGAGA"
"IGHV1-58*01","8","","","","","","","","37.5","0.21","3","","67","3","4","8","2","3","3","","","CAAATGCAGCTGGTGCAGTCTGGGCCTGAGGTGAAGAAGCCTGGGACCTCAGTGAAGGTCTCCTGCAAGGCTTCTGGATTCACCTTTACTAGCTCTGCTGTGCAGTGGGTGCGACAGGCTCGTGGACAACGCCTTGAGTGGATAGGATGGATCGTCGTTGGCAGTGGTAACACAAACTACGCACAGAAGTTCCAGGAAAGAGTCACCATTACCAGGGACATGTCCACAAGCACAGCCTACATGGAGCTGAGCAGCCTGAGATCCGAGGACACGGCCGTGTATTACTGTGCGGCAGA","CAAATGCAGCTGGTGCAGTCTGGGCCT...GAGGTGAAGAAGCCTGGGACCTCAGTGAAGGTCTCCTGCAAGGCTTCTGGATTCACCTTT............ACTAGCTCTGCTGTGCAGTGGGTGCGACAGGCTCGTGGACAACGCCTTGAGTGGATAGGATGGATCGTCGTTGGC......AGTGGTAACACAAACTACGCACAGAAGTTCCAG...GAAAGAGTCACCATTACCAGGGACATGTCCACAAGCACAGCCTACATGGAGCTGAGCAGCCTGAGATCCGAGGACACGGCCGTGTATTACTGTGCGGCAGA"
"IGHV1-58*02","4","","","","","","","","50","0.14","2","","33","3","2","4","1","1","2","","","CAAATGCAGCTGGTGCAGTCTGGGCCTGAGGTGAAGAAGCCTGGGACCTCAGTGAAGGTCTCCTGCAAGGCTTCTGGATTCACCTTTACTAGCTCTGCTATGCAGTGGGTGCGACAGGCTCGTGGACAACGCCTTGAGTGGATAGGATGGATCGTCGTTGGCAGTGGTAACACAAACTACGCACAGAAGTTCCAGGAAAGAGTCACCATTACCAGGGACATGTCCACAAGCACAGCCTACATGGAGCTGAGCAGCCTGAGATCCGAGGACACGGCCGTGTATTACTGTGCGGCAGA","CAAATGCAGCTGGTGCAGTCTGGGCCT...GAGGTGAAGAAGCCTGGGACCTCAGTGAAGGTCTCCTGCAAGGCTTCTGGATTCACCTTT............ACTAGCTCTGCTATGCAGTGGGTGCGACAGGCTCGTGGACAACGCCTTGAGTGGATAGGATGGATCGTCGTTGGC......AGTGGTAACACAAACTACGCACAGAAGTTCCAG...GAAAGAGTCACCATTACCAGGGACATGTCCACAAGCACAGCCTACATGGAGCTGAGCAGCCTGAGATCCGAGGACACGGCCGTGTATTACTGTGCGGCAGA"
"IGHV1-69-2*01","8","","","","","","","","25","0.14","2","","100","4","4","8","1","2","2","","","GAGGTCCAGCTGGTACAGTCTGGGGCTGAGGTGAAGAAGCCTGGGGCTACAGTGAAAATCTCCTGCAAGGTTTCTGGATACACCTTCACCGACTACTACATGCACTGGGTGCAACAGGCCCCTGGAAAAGGGCTTGAGTGGATGGGACTTGTTGATCCTGAAGATGGTGAAACAATATACGCAGAGAAGTTCCAGGGCAGAGTCACCATAACCGCGGACACGTCTACAGACACAGCCTACATGGAGCTGAGCAGCCTGAGATCTGAGGACACGGCCGTGTATTACTGTGCAACAGA","GAGGTCCAGCTGGTACAGTCTGGGGCT...GAGGTGAAGAAGCCTGGGGCTACAGTGAAAATCTCCTGCAAGGTTTCTGGATACACCTTC............ACCGACTACTACATGCACTGGGTGCAACAGGCCCCTGGAAAAGGGCTTGAGTGGATGGGACTTGTTGATCCTGAA......GATGGTGAAACAATATACGCAGAGAAGTTCCAG...GGCAGAGTCACCATAACCGCGGACACGTCTACAGACACAGCCTACATGGAGCTGAGCAGCCTGAGATCTGAGGACACGGCCGTGTATTACTGTGCAACAGA"
"IGHV1-69*06","74","","","","","","","","43.24","2.26","32","","51","18","5","71","11","4","32","","","CAGGTGCAGCTGGTGCAGTCTGGGGCTGAGGTGAAGAAGCCTGGGTCCTCGGTGAAGGTCTCCTGCAAGGCTTCTGGAGGCACCTTCAGCAGCTATGCTATCAGCTGGGTGCGACAGGCCCCTGGACAAGGGCTTGAGTGGATGGGAGGGATCATCCCTATCTTTGGTACAGCAAACTACGCACAGAAGTTCCAGGGCAGAGTCACGATTACCGCGGACAAATCCACGAGCACAGCCTACATGGAGCTGAGCAGCCTGAGATCTGAGGACACGGCCGTGTATTACTGTGCGAGAGA","CAGGTGCAGCTGGTGCAGTCTGGGGCT...GAGGTGAAGAAGCCTGGGTCCTCGGTGAAGGTCTCCTGCAAGGCTTCTGGAGGCACCTTC............AGCAGCTATGCTATCAGCTGGGTGCGACAGGCCCCTGGACAAGGGCTTGAGTGGATGGGAGGGATCATCCCTATC......TTTGGTACAGCAAACTACGCACAGAAGTTCCAG...GGCAGAGTCACGATTACCGCGGACAAATCCACGAGCACAGCCTACATGGAGCTGAGCAGCCTGAGATCTGAGGACACGGCCGTGTATTACTGTGCGAGAGA"
"IGHV1-69*10","71","","","","","","","","46.48","2.33","33","","49","19","5","68","14","5","33","","","CAGGTCCAGCTGGTGCAGTCTGGGGCTGAGGTGAAGAAGCCTGGGTCCTCAGTGAAGGTCTCCTGCAAGGCTTCTGGAGGCACCTTCAGCAGCTATGCTATCAGCTGGGTGCGACAGGCCCCTGGACAAGGGCTTGAGTGGATGGGAGGGATCATCCCTATCCTTGGTATAGCAAACTACGCACAGAAGTTCCAGGGCAGAGTCACGATTACCGCGGACAAATCCACGAGCACAGCCTACATGGAGCTGAGCAGCCTGAGATCTGAGGACACGGCCGTGTATTACTGTGCGAGAGA","CAGGTCCAGCTGGTGCAGTCTGGGGCT...GAGGTGAAGAAGCCTGGGTCCTCAGTGAAGGTCTCCTGCAAGGCTTCTGGAGGCACCTTC............AGCAGCTATGCTATCAGCTGGGTGCGACAGGCCCCTGGACAAGGGCTTGAGTGGATGGGAGGGATCATCCCTATC......CTTGGTATAGCAAACTACGCACAGAAGTTCCAG...GGCAGAGTCACGATTACCGCGGACAAATCCACGAGCACAGCCTACATGGAGCTGAGCAGCCTGAGATCTGAGGACACGGCCGTGTATTACTGTGCGAGAGA"
"IGHV2-5*01","104","","","","","","","","28.85","2.11","30","","100","18","6","102","9","5","29","","","CAGATCACCTTGAAGGAGTCTGGTCCTACGCTGGTGAAACCCACACAGACCCTCACGCTGACCTGCACCTTCTCTGGGTTCTCACTCAGCACTAGTGGAGTGGGTGTGGGCTGGATCCGTCAGCCCCCAGGAAAGGCCCTGGAGTGGCTTGCACTCATTTATTGGAATGATGATAAGCGCTACAGCCCATCTCTGAAGAGCAGGCTCACCATCACCAAGGACACCTCCAAAAACCAGGTGGTCCTTACAATGACCAACATGGACCCTGTGGACACAGCCACATATTACTGTGCACACAGAC","CAGATCACCTTGAAGGAGTCTGGTCCT...ACGCTGGTGAAACCCACACAGACCCTCACGCTGACCTGCACCTTCTCTGGGTTCTCACTCAGC......ACTAGTGGAGTGGGTGTGGGCTGGATCCGTCAGCCCCCAGGAAAGGCCCTGGAGTGGCTTGCACTCATTTATTGGAAT.........GATGATAAGCGCTACAGCCCATCTCTGAAG...AGCAGGCTCACCATCACCAAGGACACCTCCAAAAACCAGGTGGTCCTTACAATGACCAACATGGACCCTGTGGACACAGCCACATATTACTGTGCACACAGAC"
"IGHV2-26*01","28","","","","","","","","39.29","0.78","11","","100","14","5","28","8","4","11","","","CAGGTCACCTTGAAGGAGTCTGGTCCTGTGCTGGTGAAACCCACAGAGACCCTCACGCTGACCTGCACCGTCTCTGGGTTCTCACTCAGCAATGCTAGAATGGGTGTGAGCTGGATCCGTCAGCCCCCAGGGAAGGCCCTGGAGTGGCTTGCACACATTTTTTCGAATGACGAAAAATCCTACAGCACATCTCTGAAGAGCAGGCTCACCATCTCCAAGGACACCTCCAAAAGCCAGGTGGTCCTTACCATGACCAACATGGACCCTGTGGACACAGCCACATATTACTGTGCACGGATAC","CAGGTCACCTTGAAGGAGTCTGGTCCT...GTGCTGGTGAAACCCACAGAGACCCTCACGCTGACCTGCACCGTCTCTGGGTTCTCACTCAGC......AATGCTAGAATGGGTGTGAGCTGGATCCGTCAGCCCCCAGGGAAGGCCCTGGAGTGGCTTGCACACATTTTTTCGAAT.........GACGAAAAATCCTACAGCACATCTCTGAAG...AGCAGGCTCACCATCTCCAAGGACACCTCCAAAAGCCAGGTGGTCCTTACCATGACCAACATGGACCCTGTGGACACAGCCACATATTACTGTGCACGGATAC"
"IGHV2-70*01","13","","","","","","","","46.15","0.42","6","","100","8","4","13","4","2","6","","","CAGGTCACCTTGAGGGAGTCTGGTCCTGCGCTGGTGAAACCCACACAGACCCTCACACTGACCTGCACCTTCTCTGGGTTCTCACTCAGCACTAGTGGAATGTGTGTGAGCTGGATCCGTCAGCCCCCAGGGAAGGCCCTGGAGTGGCTTGCACTCATTGATTGGGATGATGATAAATACTACAGCACATCTCTGAAGACCAGGCTCACCATCTCCAAGGACACCTCCAAAAACCAGGTGGTCCTTACAATGACCAACATGGACCCTGTGGACACAGCCACGTATTACTGTGCACGGATAC","CAGGTCACCTTGAGGGAGTCTGGTCCT...GCGCTGGTGAAACCCACACAGACCCTCACACTGACCTGCACCTTCTCTGGGTTCTCACTCAGC......ACTAGTGGAATGTGTGTGAGCTGGATCCGTCAGCCCCCAGGGAAGGCCCTGGAGTGGCTTGCACTCATTGATTGGGAT.........GATGATAAATACTACAGCACATCTCTGAAG...ACCAGGCTCACCATCTCCAAGGACACCTCCAAAAACCAGGTGGTCCTTACAATGACCAACATGGACCCTGTGGACACAGCCACGTATTACTGTGCACGGATAC"
"IGHV3-7*01","337","","","","","","","","18.1","4.3","61","","100","24","6","324","16","6","60","","","GAGGTGCAGCTGGTGGAGTCTGGGGGAGGCTTGGTCCAGCCTGGGGGGTCCCTGAGACTCTCCTGTGCAGCCTCTGGATTCACCTTTAGTAGCTATTGGATGAGCTGGGTCCGCCAGGCTCCAGGGAAGGGGCTGGAGTGGGTGGCCAACATAAAGCAAGATGGAAGTGAGAAATACTATGTGGACTCTGTGAAGGGCCGATTCACCATCTCCAGAGACAACGCCAAGAACTCACTGTATCTGCAAATGAACAGCCTGAGAGCCGAGGACACGGCTGTGTATTACTGTGCGAGAGA","GAGGTGCAGCTGGTGGAGTCTGGGGGA...GGCTTGGTCCAGCCTGGGGGGTCCCTGAGACTCTCCTGTGCAGCCTCTGGATTCACCTTT............AGTAGCTATTGGATGAGCTGGGTCCGCCAGGCTCCAGGGAAGGGGCTGGAGTGGGTGGCCAACATAAAGCAAGAT......GGAAGTGAGAAATACTATGTGGACTCTGTGAAG...GGCCGATTCACCATCTCCAGAGACAACGCCAAGAACTCACTGTATCTGCAAATGAACAGCCTGAGAGCCGAGGACACGGCTGTGTATTACTGTGCGAGAGA"
"IGHV3-9*01","468","","","","","","","","26.07","8.6","122","","100","24","6","451","17","6","122","","","GAAGTGCAGCTGGTGGAGTCTGGGGGAGGCTTGGTACAGCCTGGCAGGTCCCTGAGACTCTCCTGTGCAGCCTCTGGATTCACCTTTGATGATTATGCCATGCACTGGGTCCGGCAAGCTCCAGGGAAGGGCCTGGAGTGGGTCTCAGGTATTAGTTGGAATAGTGGTAGCATAGGCTATGCGGACTCTGTGAAGGGCCGATTCACCATCTCCAGAGACAACGCCAAGAACTCCCTGTATCTGCAAATGAACAGTCTGAGAGCTGAGGACACGGCCTTGTATTACTGTGCAAAAGATA","GAAGTGCAGCTGGTGGAGTCTGGGGGA...GGCTTGGTACAGCCTGGCAGGTCCCTGAGACTCTCCTGTGCAGCCTCTGGATTCACCTTT............GATGATTATGCCATGCACTGGGTCCGGCAAGCTCCAGGGAAGGGCCTGGAGTGGGTCTCAGGTATTAGTTGGAAT......AGTGGTAGCATAGGCTATGCGGACTCTGTGAAG...GGCCGATTCACCATCTCCAGAGACAACGCCAAGAACTCCCTGTATCTGCAAATGAACAGTCTGAGAGCTGAGGACACGGCCTTGTATTACTGTGCAAAAGATA"
"IGHV3-11*01","161","","","","","","","","24.22","2.75","39","","100","23","6","158","12","6","39","","","CAGGTGCAGCTGGTGGAGTCTGGGGGAGGCTTGGTCAAGCCTGGAGGGTCCCTGAGACTCTCCTGTGCAGCCTCTGGATTCACCTTCAGTGACTACTACATGAGCTGGATCCGCCAGGCTCCAGGGAAGGGGCTGGAGTGGGTTTCATACATTAGTAGTAGTGGTAGTACCATATACTACGCAGACTCTGTGAAGGGCCGATTCACCATCTCCAGGGACAACGCCAAGAACTCACTGTATCTGCAAATGAACAGCCTGAGAGCCGAGGACACGGCCGTGTATTACTGTGCGAGAGA","CAGGTGCAGCTGGTGGAGTCTGGGGGA...GGCTTGGTCAAGCCTGGAGGGTCCCTGAGACTCTCCTGTGCAGCCTCTGGATTCACCTTC............AGTGACTACTACATGAGCTGGATCCGCCAGGCTCCAGGGAAGGGGCTGGAGTGGGTTTCATACATTAGTAGTAGT......GGTAGTACCATATACTACGCAGACTCTGTGAAG...GGCCGATTCACCATCTCCAGGGACAACGCCAAGAACTCACTGTATCTGCAAATGAACAGCCTGAGAGCCGAGGACACGGCCGTGTATTACTGTGCGAGAGA"
"IGHV3-13*01","71","","","","","","","","25.35","1.27","18","","100","13","5","67","9","4","18","","","GAGGTGCAGCTGGTGGAGTCTGGGGGAGGCTTGGTACAGCCTGGGGGGTCCCTGAGACTCTCCTGTGCAGCCTCTGGATTCACCTTCAGTAGCTACGACATGCACTGGGTCCGCCAAGCTACAGGAAAAGGTCTGGAGTGGGTCTCAGCTATTGGTACTGCTGGTGACACATACTATCCAGGCTCCGTGAAGGGCCGATTCACCATCTCCAGAGAAAATGCCAAGAACTCCTTGTATCTTCAAATGAACAGCCTGAGAGCCGGGGACACGGCTGTGTATTACTGTGCAAGAGA","GAGGTGCAGCTGGTGGAGTCTGGGGGA...GGCTTGGTACAGCCTGGGGGGTCCCTGAGACTCTCCTGTGCAGCCTCTGGATTCACCTTC............AGTAGCTACGACATGCACTGGGTCCGCCAAGCTACAGGAAAAGGTCTGGAGTGGGTCTCAGCTATTGGTACTGCT.........GGTGACACATACTATCCAGGCTCCGTGAAG...GGCCGATTCACCATCTCCAGAGAAAATGCCAAGAACTCCTTGTATCTTCAAATGAACAGCCTGAGAGCCGGGGACACGGCTGTGTATTACTGTGCAAGAGA"
"IGHV3-15*01","102","","","","","","","","25.49","1.83","26","","39","20","5","100","11","4","26","","","GAGGTGCAGCTGGTGGAGTCTGGGGGAGGCTTGGTAAAGCCTGGGGGGTCCCTTAGACTCTCCTGTGCAGCCTCTGGATTCACTTTCAGTAACGCCTGGATGAGCTGGGTCCGCCAGGCTCCAGGGAAGGGGCTGGAGTGGGTTGGCCGTATTAAAAGCAAAACTGATGGTGGGACAACAGACTACGCTGCACCCGTGAAAGGCAGATTCACCATCTCAAGAGATGATTCAAAAAACACGCTGTATCTGCAAATGAACAGCCTGAAAACCGAGGACACAGCCGTGTATTACTGTACCACAGA","GAGGTGCAGCTGGTGGAGTCTGGGGGA...GGCTTGGTAAAGCCTGGGGGGTCCCTTAGACTCTCCTGTGCAGCCTCTGGATTCACTTTC............AGTAACGCCTGGATGAGCTGGGTCCGCCAGGCTCCAGGGAAGGGGCTGGAGTGGGTTGGCCGTATTAAAAGCAAAACTGATGGTGGGACAACAGACTACGCTGCACCCGTGAAA...GGCAGATTCACCATCTCAAGAGATGATTCAAAAAACACGCTGTATCTGCAAATGAACAGCCTGAAAACCGAGGACACAGCCGTGTATTACTGTACCACAGA"
"IGHV3-15*07","161","","","","","","","","27.33","3.1","44","","61","19","6","154","14","4","44","","","GAGGTGCAGCTGGTGGAGTCTGGGGGAGGCTTGGTAAAGCCTGGGGGGTCCCTTAGACTCTCCTGTGCAGCCTCTGGTTTCACTTTCAGTAACGCCTGGATGAACTGGGTCCGCCAGGCTCCAGGGAAGGGGCTGGAGTGGGTCGGCCGTATTAAAAGCAAAACTGATGGTGGGACAACAGACTACGCTGCACCCGTGAAAGGCAGATTCACCATCTCAAGAGATGATTCAAAAAACACGCTGTATCTGCAAATGAACAGCCTGAAAACCGAGGACACAGCCGTGTATTACTGTACCACAGA","GAGGTGCAGCTGGTGGAGTCTGGGGGA...GGCTTGGTAAAGCCTGGGGGGTCCCTTAGACTCTCCTGTGCAGCCTCTGGTTTCACTTTC............AGTAACGCCTGGATGAACTGGGTCCGCCAGGCTCCAGGGAAGGGGCTGGAGTGGGTCGGCCGTATTAAAAGCAAAACTGATGGTGGGACAACAGACTACGCTGCACCCGTGAAA...GGCAGATTCACCATCTCAAGAGATGATTCAAAAAACACGCTGTATCTGCAAATGAACAGCCTGAAAACCGAGGACACAGCCGTGTATTACTGTACCACAGA"
"IGHV3-20*01","7","","","","","","","","42.86","0.21","3","","32","3","4","7","2","3","3","","","GAGGTGCAGCTGGTGGAGTCTGGGGGAGGTGTGGTACGGCCTGGGGGGTCCCTGAGACTCTCCTGTGCAGCCTCTGGATTCACCTTTGATGATTATGGCATGAGCTGGGTCCGCCAAGCTCCAGGGAAGGGGCTGGAGTGGGTCTCTGGTATTAATTGGAATGGTGGTAGCACAGGTTATGCAGACTCTGTGAAGGGCCGATTCACCATCTCCAGAGACAACGCCAAGAACTCCCTGTATCTGCAAATGAACAGTCTGAGAGCCGAGGACACGGCCTTGTATCACTGTGCGAGAGA","GAGGTGCAGCTGGTGGAGTCTGGGGGA...GGTGTGGTACGGCCTGGGGGGTCCCTGAGACTCTCCTGTGCAGCCTCTGGATTCACCTTT............GATGATTATGGCATGAGCTGGGTCCGCCAAGCTCCAGGGAAGGGGCTGGAGTGGGTCTCTGGTATTAATTGGAAT......GGTGGTAGCACAGGTTATGCAGACTCTGTGAAG...GGCCGATTCACCATCTCCAGAGACAACGCCAAGAACTCCCTGTATCTGCAAATGAACAGTCTGAGAGCCGAGGACACGGCCTTGTATCACTGTGCGAGAGA"
"IGHV3-20*04","15","","","","","","","","33.33","0.35","5","","68","7","3","15","4","2","5","","","GAGGTGCAGCTGGTGGAGTCTGGGGGAGGTGTGGTACGGCCTGGGGGGTCCCTGAGACTCTCCTGTGCAGCCTCTGGATTCACCTTTGATGATTATGGCATGAGCTGGGTCCGCCAAGCTCCAGGGAAGGGGCTGGAGTGGGTCTCTGGTATTAATTGGAATGGTGGTAGCACAGGTTATGCAGACTCTGTGAAGGGCCGATTCACCATCTCCAGAGACAACGCCAAGAACTCCCTGTATCTGCAAATGAACAGTCTGAGAGCCGAGGACACGGCCTTGTATTACTGTGCGAGAGA","GAGGTGCAGCTGGTGGAGTCTGGGGGA...GGTGTGGTACGGCCTGGGGGGTCCCTGAGACTCTCCTGTGCAGCCTCTGGATTCACCTTT............GATGATTATGGCATGAGCTGGGTCCGCCAAGCTCCAGGGAAGGGGCTGGAGTGGGTCTCTGGTATTAATTGGAAT......GGTGGTAGCACAGGTTATGCAGACTCTGTGAAG...GGCCGATTCACCATCTCCAGAGACAACGCCAAGAACTCCCTGTATCTGCAAATGAACAGTCTGAGAGCCGAGGACACGGCCTTGTATTACTGTGCGAGAGA"
"IGHV3-21*01","350","","","","","","","","34","8.39","119","","100","23","6","332","19","6","119","","","GAGGTGCAGCTGGTGGAGTCTGGGGGAGGCCTGGTCAAGCCTGGGGGGTCCCTGAGACTCTCCTGTGCAGCCTCTGGATTCACCTTCAGTAGCTATAGCATGAACTGGGTCCGCCAGGCTCCAGGGAAGGGGCTGGAGTGGGTCTCATCCATTAGTAGTAGTAGTAGTTACATATACTACGCAGACTCAGTGAAGGGCCGATTCACCATCTCCAGAGACAACGCCAAGAACTCACTGTATCTGCAAATGAACAGCCTGAGAGCCGAGGACACGGCTGTGTATTACTGTGCGAGAGA","GAGGTGCAGCTGGTGGAGTCTGGGGGA...GGCCTGGTCAAGCCTGGGGGGTCCCTGAGACTCTCCTGTGCAGCCTCTGGATTCACCTTC............AGTAGCTATAGCATGAACTGGGTCCGCCAGGCTCCAGGGAAGGGGCTGGAGTGGGTCTCATCCATTAGTAGTAGT......AGTAGTTACATATACTACGCAGACTCAGTGAAG...GGCCGATTCACCATCTCCAGAGACAACGCCAAGAACTCACTGTATCTGCAAATGAACAGCCTGAGAGCCGAGGACACGGCTGTGTATTACTGTGCGAGAGA"
"IGHV3-33*01","416","","","","","","","","28.12","8.25","117","","100","25","6","409","20","6","117","","","CAGGTGCAGCTGGTGGAGTCTGGGGGAGGCGTGGTCCAGCCTGGGAGGTCCCTGAGACTCTCCTGTGCAGCGTCTGGATTCACCTTCAGTAGCTATGGCATGCACTGGGTCCGCCAGGCTCCAGGCAAGGGGCTGGAGTGGGTGGCAGTTATATGGTATGATGGAAGTAATAAATACTATGCAGACTCCGTGAAGGGCCGATTCACCATCTCCAGAGACAATTCCAAGAACACGCTGTATCTGCAAATGAACAGCCTGAGAGCCGAGGACACGGCTGTGTATTACTGTGCGAGAGA","CAGGTGCAGCTGGTGGAGTCTGGGGGA...GGCGTGGTCCAGCCTGGGAGGTCCCTGAGACTCTCCTGTGCAGCGTCTGGATTCACCTTC............AGTAGCTATGGCATGCACTGGGTCCGCCAGGCTCCAGGCAAGGGGCTGGAGTGGGTGGCAGTTATATGGTATGAT......GGAAGTAATAAATACTATGCAGACTCCGTGAAG...GGCCGATTCACCATCTCCAGAGACAATTCCAAGAACACGCTGTATCTGCAAATGAACAGCCTGAGAGCCGAGGACACGGCTGTGTATTACTGTGCGAGAGA"
"IGHV3-43*01","11","","","","","","","","36.36","0.28","4","","100","5","4","11","2","3","4","","","GAAGTGCAGCTGGTGGAGTCTGGGGGAGTCGTGGTACAGCCTGGGGGGTCCCTGAGACTCTCCTGTGCAGCCTCTGGATTCACCTTTGATGATTATACCATGCACTGGGTCCGTCAAGCTCCGGGGAAGGGTCTGGAGTGGGTCTCTCTTATTAGTTGGGATGGTGGTAGCACATACTATGCAGACTCTGTGAAGGGCCGATTCACCATCTCCAGAGACAACAGCAAAAACTCCCTGTATCTGCAAATGAACAGTCTGAGAACTGAGGACACCGCCTTGTATTACTGTGCAAAAGATA","GAAGTGCAGCTGGTGGAGTCTGGGGGA...GTCGTGGTACAGCCTGGGGGGTCCCTGAGACTCTCCTGTGCAGCCTCTGGATTCACCTTT............GATGATTATACCATGCACTGGGTCCGTCAAGCTCCGGGGAAGGGTCTGGAGTGGGTCTCTCTTATTAGTTGGGAT......GGTGGTAGCACATACTATGCAGACTCTGTGAAG...GGCCGATTCACCATCTCCAGAGACAACAGCAAAAACTCCCTGTATCTGCAAATGAACAGTCTGAGAACTGAGGACACCGCCTTGTATTACTGTGCAAAAGATA"
"IGHV3-48*01","118","","","","","","","","22.88","1.9","27","","45","19","5","115","10","4","27","","","GAGGTGCAGCTGGTGGAGTCTGGGGGAGGCTTGGTACAGCCTGGGGGGTCCCTGAGACTCTCCTGTGCAGCCTCTGGATTCACCTTCAGTAGCTATAGCATGAACTGGGTCCGCCAGGCTCCAGGGAAGGGGCTGGAGTGGGTTTCATACATTAGTAGTAGTAGTAGTACCATATACTACGCAGACTCTGTGAAGGGCCGATTCACCATCTCCAGAGACAATGCCAAGAACTCACTGTATCTGCAAATGAACAGCCTGAGAGCCGAGGACACGGCTGTGTATTACTGTGCGAGAGA","GAGGTGCAGCTGGTGGAGTCTGGGGGA...GGCTTGGTACAGCCTGGGGGGTCCCTGAGACTCTCCTGTGCAGCCTCTGGATTCACCTTC............AGTAGCTATAGCATGAACTGGGTCCGCCAGGCTCCAGGGAAGGGGCTGGAGTGGGTTTCATACATTAGTAGTAGT......AGTAGTACCATATACTACGCAGACTCTGTGAAG...GGCCGATTCACCATCTCCAGAGACAATGCCAAGAACTCACTGTATCTGCAAATGAACAGCCTGAGAGCCGAGGACACGGCTGTGTATTACTGTGCGAGAGA"
"IGHV3-48*02","147","","","","","","","","30.61","3.17","45","","55","21","6","142","14","6","45","","","GAGGTGCAGCTGGTGGAGTCTGGGGGAGGCTTGGTACAGCCTGGGGGGTCCCTGAGACTCTCCTGTGCAGCCTCTGGATTCACCTTCAGTAGCTATAGCATGAACTGGGTCCGCCAGGCTCCAGGGAAGGGGCTGGAGTGGGTTTCATACATTAGTAGTAGTAGTAGTACCATATACTACGCAGACTCTGTGAAGGGCCGATTCACCATCTCCAGAGACAATGCCAAGAACTCACTGTATCTGCAAATGAACAGCCTGAGAGACGAGGACACGGCTGTGTATTACTGTGCGAGAGA","GAGGTGCAGCTGGTGGAGTCTGGGGGA...GGCTTGGTACAGCCTGGGGGGTCCCTGAGACTCTCCTGTGCAGCCTCTGGATTCACCTTC............AGTAGCTATAGCATGAACTGGGTCCGCCAGGCTCCAGGGAAGGGGCTGGAGTGGGTTTCATACATTAGTAGTAGT......AGTAGTACCATATACTACGCAGACTCTGTGAAG...GGCCGATTCACCATCTCCAGAGACAATGCCAAGAACTCACTGTATCTGCAAATGAACAGCCTGAGAGACGAGGACACGGCTGTGTATTACTGTGCGAGAGA"
"IGHV3-49*03","29","","","","","","","","24.14","0.49","7","","52","11","5","28","3","3","7","","","GAGGTGCAGCTGGTGGAGTCTGGGGGAGGCTTGGTACAGCCAGGGCGGTCCCTGAGACTCTCCTGTACAGCTTCTGGATTCACCTTTGGTGATTATGCTATGAGCTGGTTCCGCCAGGCTCCAGGGAAGGGGCTGGAGTGGGTAGGTTTCATTAGAAGCAAAGCTTATGGTGGGACAACAGAATACGCCGCGTCTGTGAAAGGCAGATTCACCATCTCAAGAGATGATTCCAAAAGCATCGCCTATCTGCAAATGAACAGCCTGAAAACCGAGGACACAGCCGTGTATTACTGTACTAGAGA","GAGGTGCAGCTGGTGGAGTCTGGGGGA...GGCTTGGTACAGCCAGGGCGGTCCCTGAGACTCTCCTGTACAGCTTCTGGATTCACCTTT............GGTGATTATGCTATGAGCTGGTTCCGCCAGGCTCCAGGGAAGGGGCTGGAGTGGGTAGGTTTCATTAGAAGCAAAGCTTATGGTGGGACAACAGAATACGCCGCGTCTGTGAAA...GGCAGATTCACCATCTCAAGAGATGATTCCAAAAGCATCGCCTATCTGCAAATGAACAGCCTGAAAACCGAGGACACAGCCGTGTATTACTGTACTAGAGA"
"IGHV3-49*05","27","","","","","","","","37.04","0.7","10","","48","12","4","27","6","3","10","","","GAGGTGCAGCTGGTGGAGTCTGGGGGAGGCTTGGTAAAGCCAGGGCGGTCCCTGAGACTCTCCTGTACAGCTTCTGGATTCACCTTTGGTGATTATGCTATGAGCTGGTTCCGCCAGGCTCCAGGGAAGGGGCTGGAGTGGGTAGGTTTCATTAGAAGCAAAGCTTATGGTGGGACAACAGAATACGCCGCGTCTGTGAAAGGCAGATTCACCATCTCAAGAGATGATTCCAAAAGCATCGCCTATCTGCAAATGAACAGCCTGAAAACCGAGGACACAGCCGTGTATTACTGTACTAGAGA","GAGGTGCAGCTGGTGGAGTCTGGGGGA...GGCTTGGTAAAGCCAGGGCGGTCCCTGAGACTCTCCTGTACAGCTTCTGGATTCACCTTT............GGTGATTATGCTATGAGCTGGTTCCGCCAGGCTCCAGGGAAGGGGCTGGAGTGGGTAGGTTTCATTAGAAGCAAAGCTTATGGTGGGACAACAGAATACGCCGCGTCTGTGAAA...GGCAGATTCACCATCTCAAGAGATGATTCCAAAAGCATCGCCTATCTGCAAATGAACAGCCTGAAAACCGAGGACACAGCCGTGTATTACTGTACTAGAGA"
"IGHV3-53*01","113","","","","","","","","15.93","1.27","18","","72","19","6","112","10","5","18","","","GAGGTGCAGCTGGTGGAGTCTGGAGGAGGCTTGATCCAGCCTGGGGGGTCCCTGAGACTCTCCTGTGCAGCCTCTGGGTTCACCGTCAGTAGCAACTACATGAGCTGGGTCCGCCAGGCTCCAGGGAAGGGGCTGGAGTGGGTCTCAGTTATTTATAGCGGTGGTAGCACATACTACGCAGACTCCGTGAAGGGCCGATTCACCATCTCCAGAGACAATTCCAAGAACACGCTGTATCTTCAAATGAACAGCCTGAGAGCCGAGGACACGGCCGTGTATTACTGTGCGAGAGA","GAGGTGCAGCTGGTGGAGTCTGGAGGA...GGCTTGATCCAGCCTGGGGGGTCCCTGAGACTCTCCTGTGCAGCCTCTGGGTTCACCGTC............AGTAGCAACTACATGAGCTGGGTCCGCCAGGCTCCAGGGAAGGGGCTGGAGTGGGTCTCAGTTATTTATAGCGGT.........GGTAGCACATACTACGCAGACTCCGTGAAG...GGCCGATTCACCATCTCCAGAGACAATTCCAAGAACACGCTGTATCTTCAAATGAACAGCCTGAGAGCCGAGGACACGGCCGTGTATTACTGTGCGAGAGA"
"IGHV3-53*02","44","","","","","","","","15.91","0.49","7","","28","15","5","42","3","3","7","","","GAGGTGCAGCTGGTGGAGACTGGAGGAGGCTTGATCCAGCCTGGGGGGTCCCTGAGACTCTCCTGTGCAGCCTCTGGGTTCACCGTCAGTAGCAACTACATGAGCTGGGTCCGCCAGGCTCCAGGGAAGGGGCTGGAGTGGGTCTCAGTTATTTATAGCGGTGGTAGCACATACTACGCAGACTCCGTGAAGGGCCGATTCACCATCTCCAGAGACAATTCCAAGAACACGCTGTATCTTCAAATGAACAGCCTGAGAGCCGAGGACACGGCCGTGTATTACTGTGCGAGAGA","GAGGTGCAGCTGGTGGAGACTGGAGGA...GGCTTGATCCAGCCTGGGGGGTCCCTGAGACTCTCCTGTGCAGCCTCTGGGTTCACCGTC............AGTAGCAACTACATGAGCTGGGTCCGCCAGGCTCCAGGGAAGGGGCTGGAGTGGGTCTCAGTTATTTATAGCGGT.........GGTAGCACATACTACGCAGACTCCGTGAAG...GGCCGATTCACCATCTCCAGAGACAATTCCAAGAACACGCTGTATCTTCAAATGAACAGCCTGAGAGCCGAGGACACGGCCGTGTATTACTGTGCGAGAGA"
"IGHV3-64*01","34","","","","","","","","26.47","0.63","9","","89","9","4","30","4","3","9","","","GAGGTGCAGCTGGTGGAGTCTGGGGGAGGCTTGGTCCAGCCTGGGGGGTCCCTGAGACTCTCCTGTGCAGCCTCTGGATTCACCTTCAGTAGCTATGCTATGCACTGGGTCCGCCAGGCTCCAGGGAAGGGACTGGAATATGTTTCAGCTATTAGTAGTAATGGGGGTAGCACATATTATGCAAACTCTGTGAAGGGCAGATTCACCATCTCCAGAGACAATTCCAAGAACACGCTGTATCTTCAAATGGGCAGCCTGAGAGCTGAGGACATGGCTGTGTATTACTGTGCGAGAGA","GAGGTGCAGCTGGTGGAGTCTGGGGGA...GGCTTGGTCCAGCCTGGGGGGTCCCTGAGACTCTCCTGTGCAGCCTCTGGATTCACCTTC............AGTAGCTATGCTATGCACTGGGTCCGCCAGGCTCCAGGGAAGGGACTGGAATATGTTTCAGCTATTAGTAGTAAT......GGGGGTAGCACATATTATGCAAACTCTGTGAAG...GGCAGATTCACCATCTCCAGAGACAATTCCAAGAACACGCTGTATCTTCAAATGGGCAGCCTGAGAGCTGAGGACATGGCTGTGTATTACTGTGCGAGAGA"
"IGHV3-64*02","4","","","","","","","","50","0.14","2","","11","3","2","4","2","1","2","","","GAGGTGCAGCTGGTGGAGTCTGGGGAAGGCTTGGTCCAGCCTGGGGGGTCCCTGAGACTCTCCTGTGCAGCCTCTGGATTCACCTTCAGTAGCTATGCTATGCACTGGGTCCGCCAGGCTCCAGGGAAGGGACTGGAATATGTTTCAGCTATTAGTAGTAATGGGGGTAGCACATATTATGCAGACTCTGTGAAGGGCAGATTCACCATCTCCAGAGACAATTCCAAGAACACGCTGTATCTTCAAATGGGCAGCCTGAGAGCTGAGGACATGGCTGTGTATTACTGTGCGAGAGA","GAGGTGCAGCTGGTGGAGTCTGGGGAA...GGCTTGGTCCAGCCTGGGGGGTCCCTGAGACTCTCCTGTGCAGCCTCTGGATTCACCTTC............AGTAGCTATGCTATGCACTGGGTCCGCCAGGCTCCAGGGAAGGGACTGGAATATGTTTCAGCTATTAGTAGTAAT......GGGGGTAGCACATATTATGCAGACTCTGTGAAG...GGCAGATTCACCATCTCCAGAGACAATTCCAAGAACACGCTGTATCTTCAAATGGGCAGCCTGAGAGCTGAGGACATGGCTGTGTATTACTGTGCGAGAGA"
"IGHV3-66*03","1","","","","","","","","0","0","0","","100","1","1","1","0","0","0","","","GAGGTGCAGCTGGTGGAGTCTGGAGGAGGCTTGATCCAGCCTGGGGGGTCCCTGAGACTCTCCTGTGCAGCCTCTGGGTTCACCGTCAGTAGCAACTACATGAGCTGGGTCCGCCAGGCTCCAGGGAAGGGGCTGGAGTGGGTCTCAGTTATTTATAGCTGTGGTAGCACATACTACGCAGACTCCGTGAAGGGCCGATTCACCATCTCCAGAGACAATTCCAAGAACACGCTGTATCTTCAAATGAACAGCCTGAGAGCTGAGGACACGGCTGTGTATTACTGTGCGAGAGA","GAGGTGCAGCTGGTGGAGTCTGGAGGA...GGCTTGATCCAGCCTGGGGGGTCCCTGAGACTCTCCTGTGCAGCCTCTGGGTTCACCGTC............AGTAGCAACTACATGAGCTGGGTCCGCCAGGCTCCAGGGAAGGGGCTGGAGTGGGTCTCAGTTATTTATAGCTGT.........GGTAGCACATACTACGCAGACTCCGTGAAG...GGCCGATTCACCATCTCCAGAGACAATTCCAAGAACACGCTGTATCTTCAAATGAACAGCCTGAGAGCTGAGGACACGGCTGTGTATTACTGTGCGAGAGA"
"IGHV3-69-1*01","4","","","","","","","","25","0.07","1","","100","3","3","4","1","1","1","","","GAGGTGCAGCTGGTGGAGTCTGGGGGAGGCTTGGTAAAGCCTGGGGGGTCCCTGAGACTCTCCTGTGCAGCCTCTGGATTCACCTTCAGTGACTACTACATGAACTGGGTCCGCCAGGCTCCAGGGAAGGGGCTGGAGTGGGTCTCATCCATTAGTAGTAGTAGTACCATATACTACGCAGACTCTGTGAAGGGCCGATTCACCATCTCCAGAGACAACGCCAAGAACTCACTGTATCTGCAAATGAACAGCCTGAGAGCCGAGGACACGGCTGTGTATTACTGTGCGAGAGA","GAGGTGCAGCTGGTGGAGTCTGGGGGA...GGCTTGGTAAAGCCTGGGGGGTCCCTGAGACTCTCCTGTGCAGCCTCTGGATTCACCTTC............AGTGACTACTACATGAACTGGGTCCGCCAGGCTCCAGGGAAGGGGCTGGAGTGGGTCTCATCCATTAGTAGTAGT.........AGTACCATATACTACGCAGACTCTGTGAAG...GGCCGATTCACCATCTCCAGAGACAACGCCAAGAACTCACTGTATCTGCAAATGAACAGCCTGAGAGCCGAGGACACGGCTGTGTATTACTGTGCGAGAGA"
"IGHV3-72*01","69","","","","","","","","7.25","0.35","5","","100","13","5","65","4","2","5","","","GAGGTGCAGCTGGTGGAGTCTGGGGGAGGCTTGGTCCAGCCTGGAGGGTCCCTGAGACTCTCCTGTGCAGCCTCTGGATTCACCTTCAGTGACCACTACATGGACTGGGTCCGCCAGGCTCCAGGGAAGGGGCTGGAGTGGGTTGGCCGTACTAGAAACAAAGCTAACAGTTACACCACAGAATACGCCGCGTCTGTGAAAGGCAGATTCACCATCTCAAGAGATGATTCAAAGAACTCACTGTATCTGCAAATGAACAGCCTGAAAACCGAGGACACGGCCGTGTATTACTGTGCTAGAGA","GAGGTGCAGCTGGTGGAGTCTGGGGGA...GGCTTGGTCCAGCCTGGAGGGTCCCTGAGACTCTCCTGTGCAGCCTCTGGATTCACCTTC............AGTGACCACTACATGGACTGGGTCCGCCAGGCTCCAGGGAAGGGGCTGGAGTGGGTTGGCCGTACTAGAAACAAAGCTAACAGTTACACCACAGAATACGCCGCGTCTGTGAAA...GGCAGATTCACCATCTCAAGAGATGATTCAAAGAACTCACTGTATCTGCAAATGAACAGCCTGAAAACCGAGGACACGGCCGTGTATTACTGTGCTAGAGA"
"IGHV3-73*01","22","","","","","","","","22.73","0.35","5","","39","7","6","22","2","4","5","","","GAGGTGCAGCTGGTGGAGTCTGGGGGAGGCTTGGTCCAGCCTGGGGGGTCCCTGAAACTCTCCTGTGCAGCCTCTGGGTTCACCTTCAGTGGCTCTGCTATGCACTGGGTCCGCCAGGCTTCCGGGAAAGGGCTGGAGTGGGTTGGCCGTATTAGAAGCAAAGCTAACAGTTACGCGACAGCATATGCTGCGTCGGTGAAAGGCAGGTTCACCATCTCCAGAGATGATTCAAAGAACACGGCGTATCTGCAAATGAACAGCCTGAAAACCGAGGACACGGCCGTGTATTACTGTACTAGACA","GAGGTGCAGCTGGTGGAGTCTGGGGGA...GGCTTGGTCCAGCCTGGGGGGTCCCTGAAACTCTCCTGTGCAGCCTCTGGGTTCACCTTC............AGTGGCTCTGCTATGCACTGGGTCCGCCAGGCTTCCGGGAAAGGGCTGGAGTGGGTTGGCCGTATTAGAAGCAAAGCTAACAGTTACGCGACAGCATATGCTGCGTCGGTGAAA...GGCAGGTTCACCATCTCCAGAGATGATTCAAAGAACACGGCGTATCTGCAAATGAACAGCCTGAAAACCGAGGACACGGCCGTGTATTACTGTACTAGACA"
"IGHV3-73*02","34","","","","","","","","23.53","0.56","8","","61","10","4","34","4","3","8","","","GAGGTGCAGCTGGTGGAGTCCGGGGGAGGCTTGGTCCAGCCTGGGGGGTCCCTGAAACTCTCCTGTGCAGCCTCTGGGTTCACCTTCAGTGGCTCTGCTATGCACTGGGTCCGCCAGGCTTCCGGGAAAGGGCTGGAGTGGGTTGGCCGTATTAGAAGCAAAGCTAACAGTTACGCGACAGCATATGCTGCGTCGGTGAAAGGCAGGTTCACCATCTCCAGAGATGATTCAAAGAACACGGCGTATCTGCAAATGAACAGCCTGAAAACCGAGGACACGGCCGTGTATTACTGTACTAGACA","GAGGTGCAGCTGGTGGAGTCCGGGGGA...GGCTTGGTCCAGCCTGGGGGGTCCCTGAAACTCTCCTGTGCAGCCTCTGGGTTCACCTTC............AGTGGCTCTGCTATGCACTGGGTCCGCCAGGCTTCCGGGAAAGGGCTGGAGTGGGTTGGCCGTATTAGAAGCAAAGCTAACAGTTACGCGACAGCATATGCTGCGTCGGTGAAA...GGCAGGTTCACCATCTCCAGAGATGATTCAAAGAACACGGCGTATCTGCAAATGAACAGCCTGAAAACCGAGGACACGGCCGTGTATTACTGTACTAGACA"
"IGHV3-74*01","175","","","","","","","","11.43","1.41","20","","100","25","6","167","8","4","20","","","GAGGTGCAGCTGGTGGAGTCCGGGGGAGGCTTAGTTCAGCCTGGGGGGTCCCTGAGACTCTCCTGTGCAGCCTCTGGATTCACCTTCAGTAGCTACTGGATGCACTGGGTCCGCCAAGCTCCAGGGAAGGGGCTGGTGTGGGTCTCACGTATTAATAGTGATGGGAGTAGCACAAGCTACGCGGACTCCGTGAAGGGCCGATTCACCATCTCCAGAGACAACGCCAAGAACACGCTGTATCTGCAAATGAACAGTCTGAGAGCCGAGGACACGGCTGTGTATTACTGTGCAAGAGA","GAGGTGCAGCTGGTGGAGTCCGGGGGA...GGCTTAGTTCAGCCTGGGGGGTCCCTGAGACTCTCCTGTGCAGCCTCTGGATTCACCTTC............AGTAGCTACTGGATGCACTGGGTCCGCCAAGCTCCAGGGAAGGGGCTGGTGTGGGTCTCACGTATTAATAGTGAT......GGGAGTAGCACAAGCTACGCGGACTCCGTGAAG...GGCCGATTCACCATCTCCAGAGACAACGCCAAGAACACGCTGTATCTGCAAATGAACAGTCTGAGAGCCGAGGACACGGCTGTGTATTACTGTGCAAGAGA"
"IGHV4-4*07","96","","","","","","","","17.71","1.2","17","","100","17","6","92","8","5","17","","","CAGGTGCAGCTGCAGGAGTCGGGCCCAGGACTGGTGAAGCCTTCGGAGACCCTGTCCCTCACCTGCACTGTCTCTGGTGGCTCCATCAGTAGTTACTACTGGAGCTGGATCCGGCAGCCCGCCGGGAAGGGACTGGAGTGGATTGGGCGTATCTATACCAGTGGGAGCACCAACTACAACCCCTCCCTCAAGAGTCGAGTCACCATGTCAGTAGACACGTCCAAGAACCAGTTCTCCCTGAAGCTGAGCTCTGTGACCGCCGCGGACACGGCCGTGTATTACTGTGCGAGAGA","CAGGTGCAGCTGCAGGAGTCGGGCCCA...GGACTGGTGAAGCCTTCGGAGACCCTGTCCCTCACCTGCACTGTCTCTGGTGGCTCCATC............AGTAGTTACTACTGGAGCTGGATCCGGCAGCCCGCCGGGAAGGGACTGGAGTGGATTGGGCGTATCTATACCAGT.........GGGAGCACCAACTACAACCCCTCCCTCAAG...AGTCGAGTCACCATGTCAGTAGACACGTCCAAGAACCAGTTCTCCCTGAAGCTGAGCTCTGTGACCGCCGCGGACACGGCCGTGTATTACTGTGCGAGAGA"
"IGHV4-28*01","4","","","","","","","","50","0.14","2","","67","4","3","4","2","2","2","","","CAGGTGCAGCTGCAGGAGTCGGGCCCAGGACTGGTGAAGCCTTCGGACACCCTGTCCCTCACCTGCGCTGTCTCTGGTTACTCCATCAGCAGTAGTAACTGGTGGGGCTGGATCCGGCAGCCCCCAGGGAAGGGACTGGAGTGGATTGGGTACATCTATTATAGTGGGAGCACCTACTACAACCCGTCCCTCAAGAGTCGAGTCACCATGTCAGTAGACACGTCCAAGAACCAGTTCTCCCTGAAGCTGAGCTCTGTGACCGCCGTGGACACGGCCGTGTATTACTGTGCGAGAAA","CAGGTGCAGCTGCAGGAGTCGGGCCCA...GGACTGGTGAAGCCTTCGGACACCCTGTCCCTCACCTGCGCTGTCTCTGGTTACTCCATCAGC.........AGTAGTAACTGGTGGGGCTGGATCCGGCAGCCCCCAGGGAAGGGACTGGAGTGGATTGGGTACATCTATTATAGT.........GGGAGCACCTACTACAACCCGTCCCTCAAG...AGTCGAGTCACCATGTCAGTAGACACGTCCAAGAACCAGTTCTCCCTGAAGCTGAGCTCTGTGACCGCCGTGGACACGGCCGTGTATTACTGTGCGAGAAA"
"IGHV4-28*03","2","","","","","","","","0","0","0","","33","2","2","2","0","0","0","","","CAGGTGCAGCTGCAGGAGTCGGGCCCAGGACTGGTGAAGCCTTCGGACACCCTGTCCCTCACCTGCGCTGTCTCTGGTTACTCCATCAGCAGTAGTAACTGGTGGGGCTGGATCCGGCAGCCCCCAGGGAAGGGACTGGAGTGGATTGGGTACATCTATTATAGTGGGAGCACCTACTACAACCCGTCCCTCAAGAGTCGAGTCACCATGTCAGTAGACACGTCCAAGAACCAGTTCTCCCTGAAGCTGAGCTCTGTGACCGCCGTGGACACGGCCGTGTATTACTGTGCGAGAGA","CAGGTGCAGCTGCAGGAGTCGGGCCCA...GGACTGGTGAAGCCTTCGGACACCCTGTCCCTCACCTGCGCTGTCTCTGGTTACTCCATCAGC.........AGTAGTAACTGGTGGGGCTGGATCCGGCAGCCCCCAGGGAAGGGACTGGAGTGGATTGGGTACATCTATTATAGT.........GGGAGCACCTACTACAACCCGTCCCTCAAG...AGTCGAGTCACCATGTCAGTAGACACGTCCAAGAACCAGTTCTCCCTGAAGCTGAGCTCTGTGACCGCCGTGGACACGGCCGTGTATTACTGTGCGAGAGA"
"IGHV4-31*03","124","","","","","","","","33.87","2.96","42","","100","21","6","122","15","5","42","","","CAGGTGCAGCTGCAGGAGTCGGGCCCAGGACTGGTGAAGCCTTCACAGACCCTGTCCCTCACCTGCACTGTCTCTGGTGGCTCCATCAGCAGTGGTGGTTACTACTGGAGCTGGATCCGCCAGCACCCAGGGAAGGGCCTGGAGTGGATTGGGTACATCTATTACAGTGGGAGCACCTACTACAACCCGTCCCTCAAGAGTCGAGTTACCATATCAGTAGACACGTCTAAGAACCAGTTCTCCCTGAAGCTGAGCTCTGTGACTGCCGCGGACACGGCCGTGTATTACTGTGCGAGAGA","CAGGTGCAGCTGCAGGAGTCGGGCCCA...GGACTGGTGAAGCCTTCACAGACCCTGTCCCTCACCTGCACTGTCTCTGGTGGCTCCATCAGC......AGTGGTGGTTACTACTGGAGCTGGATCCGCCAGCACCCAGGGAAGGGCCTGGAGTGGATTGGGTACATCTATTACAGT.........GGGAGCACCTACTACAACCCGTCCCTCAAG...AGTCGAGTTACCATATCAGTAGACACGTCTAAGAACCAGTTCTCCCTGAAGCTGAGCTCTGTGACTGCCGCGGACACGGCCGTGTATTACTGTGCGAGAGA"
"IGHV4-34*01","242","","","","","","","","41.32","7.05","100","","100","22","6","233","16","6","100","","","CAGGTGCAGCTACAGCAGTGGGGCGCAGGACTGTTGAAGCCTTCGGAGACCCTGTCCCTCACCTGCGCTGTCTATGGTGGGTCCTTCAGTGGTTACTACTGGAGCTGGATCCGCCAGCCCCCAGGGAAGGGGCTGGAGTGGATTGGGGAAATCAATCATAGTGGAAGCACCAACTACAACCCGTCCCTCAAGAGTCGAGTCACCATATCAGTAGACACGTCCAAGAACCAGTTCTCCCTGAAGCTGAGCTCTGTGACCGCCGCGGACACGGCTGTGTATTACTGTGCGAGAGG","CAGGTGCAGCTACAGCAGTGGGGCGCA...GGACTGTTGAAGCCTTCGGAGACCCTGTCCCTCACCTGCGCTGTCTATGGTGGGTCCTTC............AGTGGTTACTACTGGAGCTGGATCCGCCAGCCCCCAGGGAAGGGGCTGGAGTGGATTGGGGAAATCAATCATAGT.........GGAAGCACCAACTACAACCCGTCCCTCAAG...AGTCGAGTCACCATATCAGTAGACACGTCCAAGAACCAGTTCTCCCTGAAGCTGAGCTCTGTGACCGCCGCGGACACGGCTGTGTATTACTGTGCGAGAGG"
"IGHV4-38-2*02","1","","","","","","","","0","0","0","","100","0","1","1","0","0","0","","","CAGGTGCAGCTGCAGGAGTCGGGCCCAGGACTGGTGAAGCCTTCGGAGACCCTGTCCCTCACCTGCACTGTCTCTGGTTACTCCATCAGCAGTGGTTACTACTGGGGCTGGATCCGGCAGCCCCCAGGGAAGGGGCTGGAGTGGATTGGGAGTATCTATCATAGTGGGAGCACCTACTACAACCCGTCCCTCAAGAGTCGAGTCACCATATCAGTAGACACGTCCAAGAACCAGTTCTCCCTGAAGCTGAGCTCTGTGACCGCCGCAGACACGGCCGTGTATTACTGTGCGAGAGA","CAGGTGCAGCTGCAGGAGTCGGGCCCA...GGACTGGTGAAGCCTTCGGAGACCCTGTCCCTCACCTGCACTGTCTCTGGTTACTCCATCAGC.........AGTGGTTACTACTGGGGCTGGATCCGGCAGCCCCCAGGGAAGGGGCTGGAGTGGATTGGGAGTATCTATCATAGT.........GGGAGCACCTACTACAACCCGTCCCTCAAG...AGTCGAGTCACCATATCAGTAGACACGTCCAAGAACCAGTTCTCCCTGAAGCTGAGCTCTGTGACCGCCGCAGACACGGCCGTGTATTACTGTGCGAGAGA"
"IGHV4-39*01","421","","","","","","","","24.7","7.33","104","","100","25","6","405","19","6","104","","","CAGCTGCAGCTGCAGGAGTCGGGCCCAGGACTGGTGAAGCCTTCGGAGACCCTGTCCCTCACCTGCACTGTCTCTGGTGGCTCCATCAGCAGTAGTAGTTACTACTGGGGCTGGATCCGCCAGCCCCCAGGGAAGGGGCTGGAGTGGATTGGGAGTATCTATTATAGTGGGAGCACCTACTACAACCCGTCCCTCAAGAGTCGAGTCACCATATCCGTAGACACGTCCAAGAACCAGTTCTCCCTGAAGCTGAGCTCTGTGACCGCCGCAGACACGGCTGTGTATTACTGTGCGAGACA","CAGCTGCAGCTGCAGGAGTCGGGCCCA...GGACTGGTGAAGCCTTCGGAGACCCTGTCCCTCACCTGCACTGTCTCTGGTGGCTCCATCAGC......AGTAGTAGTTACTACTGGGGCTGGATCCGCCAGCCCCCAGGGAAGGGGCTGGAGTGGATTGGGAGTATCTATTATAGT.........GGGAGCACCTACTACAACCCGTCCCTCAAG...AGTCGAGTCACCATATCCGTAGACACGTCCAAGAACCAGTTCTCCCTGAAGCTGAGCTCTGTGACCGCCGCAGACACGGCTGTGTATTACTGTGCGAGACA"
"IGHV4-59*01","160","","","","","","","","16.88","1.9","27","","63","22","6","158","11","5","27","","","CAGGTGCAGCTGCAGGAGTCGGGCCCAGGACTGGTGAAGCCTTCGGAGACCCTGTCCCTCACCTGCACTGTCTCTGGTGGCTCCATCAGTAGTTACTACTGGAGCTGGATCCGGCAGCCCCCAGGGAAGGGACTGGAGTGGATTGGGTATATCTATTACAGTGGGAGCACCAACTACAACCCCTCCCTCAAGAGTCGAGTCACCATATCAGTAGACACGTCCAAGAACCAGTTCTCCCTGAAGCTGAGCTCTGTGACCGCTGCGGACACGGCCGTGTATTACTGTGCGAGAGA","CAGGTGCAGCTGCAGGAGTCGGGCCCA...GGACTGGTGAAGCCTTCGGAGACCCTGTCCCTCACCTGCACTGTCTCTGGTGGCTCCATC............AGTAGTTACTACTGGAGCTGGATCCGGCAGCCCCCAGGGAAGGGACTGGAGTGGATTGGGTATATCTATTACAGT.........GGGAGCACCAACTACAACCCCTCCCTCAAG...AGTCGAGTCACCATATCAGTAGACACGTCCAAGAACCAGTTCTCCCTGAAGCTGAGCTCTGTGACCGCTGCGGACACGGCCGTGTATTACTGTGCGAGAGA"
"IGHV4-59*08","93","","","","","","","","13.98","0.92","13","","37","17","6","86","8","5","13","","","CAGGTGCAGCTGCAGGAGTCGGGCCCAGGACTGGTGAAGCCTTCGGAGACCCTGTCCCTCACCTGCACTGTCTCTGGTGGCTCCATCAGTAGTTACTACTGGAGCTGGATCCGGCAGCCCCCAGGGAAGGGACTGGAGTGGATTGGGTATATCTATTACAGTGGGAGCACCAACTACAACCCCTCCCTCAAGAGTCGAGTCACCATATCAGTAGACACGTCCAAGAACCAGTTCTCCCTGAAGCTGAGCTCTGTGACCGCCGCAGACACGGCCGTGTATTACTGTGCGAGACA","CAGGTGCAGCTGCAGGAGTCGGGCCCA...GGACTGGTGAAGCCTTCGGAGACCCTGTCCCTCACCTGCACTGTCTCTGGTGGCTCCATC............AGTAGTTACTACTGGAGCTGGATCCGGCAGCCCCCAGGGAAGGGACTGGAGTGGATTGGGTATATCTATTACAGT.........GGGAGCACCAACTACAACCCCTCCCTCAAG...AGTCGAGTCACCATATCAGTAGACACGTCCAAGAACCAGTTCTCCCTGAAGCTGAGCTCTGTGACCGCCGCAGACACGGCCGTGTATTACTGTGCGAGACA"
"IGHV4-61*01","25","","","","","","","","8","0.14","2","","100","12","6","25","1","2","2","","","CAGGTGCAGCTGCAGGAGTCGGGCCCAGGACTGGTGAAGCCTTCGGAGACCCTGTCCCTCACCTGCACTGTCTCTGGTGGCTCCGTCAGCAGTGGTAGTTACTACTGGAGCTGGATCCGGCAGCCCCCAGGGAAGGGACTGGAGTGGATTGGGTATATCTATTACAGTGGGAGCACCAACTACAACCCCTCCCTCAAGAGTCGAGTCACCATATCAGTAGACACGTCCAAGAACCAGTTCTCCCTGAAGCTGAGCTCTGTGACCGCTGCGGACACGGCCGTGTATTACTGTGCGAGAGA","CAGGTGCAGCTGCAGGAGTCGGGCCCA...GGACTGGTGAAGCCTTCGGAGACCCTGTCCCTCACCTGCACTGTCTCTGGTGGCTCCGTCAGC......AGTGGTAGTTACTACTGGAGCTGGATCCGGCAGCCCCCAGGGAAGGGACTGGAGTGGATTGGGTATATCTATTACAGT.........GGGAGCACCAACTACAACCCCTCCCTCAAG...AGTCGAGTCACCATATCAGTAGACACGTCCAAGAACCAGTTCTCCCTGAAGCTGAGCTCTGTGACCGCTGCGGACACGGCCGTGTATTACTGTGCGAGAGA"
"IGHV5-51*01","158","","","","","","","","21.52","2.4","34","","65","20","6","157","13","6","34","","","GAGGTGCAGCTGGTGCAGTCTGGAGCAGAGGTGAAAAAGCCCGGGGAGTCTCTGAAGATCTCCTGTAAGGGTTCTGGATACAGCTTTACCAGCTACTGGATCGGCTGGGTGCGCCAGATGCCCGGGAAAGGCCTGGAGTGGATGGGGATCATCTATCCTGGTGACTCTGATACCAGATACAGCCCGTCCTTCCAAGGCCAGGTCACCATCTCAGCCGACAAGTCCATCAGCACCGCCTACCTGCAGTGGAGCAGCCTGAAGGCCTCGGACACCGCCATGTATTACTGTGCGAGACA","GAGGTGCAGCTGGTGCAGTCTGGAGCA...GAGGTGAAAAAGCCCGGGGAGTCTCTGAAGATCTCCTGTAAGGGTTCTGGATACAGCTTT............ACCAGCTACTGGATCGGCTGGGTGCGCCAGATGCCCGGGAAAGGCCTGGAGTGGATGGGGATCATCTATCCTGGT......GACTCTGATACCAGATACAGCCCGTCCTTCCAA...GGCCAGGTCACCATCTCAGCCGACAAGTCCATCAGCACCGCCTACCTGCAGTGGAGCAGCCTGAAGGCCTCGGACACCGCCATGTATTACTGTGCGAGACA"
"IGHV5-51*03","84","","","","","","","","21.43","1.27","18","","35","17","6","83","10","4","18","","","GAGGTGCAGCTGGTGCAGTCTGGAGCAGAGGTGAAAAAGCCGGGGGAGTCTCTGAAGATCTCCTGTAAGGGTTCTGGATACAGCTTTACCAGCTACTGGATCGGCTGGGTGCGCCAGATGCCCGGGAAAGGCCTGGAGTGGATGGGGATCATCTATCCTGGTGACTCTGATACCAGATACAGCCCGTCCTTCCAAGGCCAGGTCACCATCTCAGCCGACAAGTCCATCAGCACCGCCTACCTGCAGTGGAGCAGCCTGAAGGCCTCGGACACCGCCATGTATTACTGTGCGAGA","GAGGTGCAGCTGGTGCAGTCTGGAGCA...GAGGTGAAAAAGCCGGGGGAGTCTCTGAAGATCTCCTGTAAGGGTTCTGGATACAGCTTT............ACCAGCTACTGGATCGGCTGGGTGCGCCAGATGCCCGGGAAAGGCCTGGAGTGGATGGGGATCATCTATCCTGGT......GACTCTGATACCAGATACAGCCCGTCCTTCCAA...GGCCAGGTCACCATCTCAGCCGACAAGTCCATCAGCACCGCCTACCTGCAGTGGAGCAGCCTGAAGGCCTCGGACACCGCCATGTATTACTGTGCGAGA"
"IGHV6-1*01","82","","","","","","","","18.29","1.06","15","","100","16","4","80","9","4","15","","","CAGGTACAGCTGCAGCAGTCAGGTCCAGGACTGGTGAAGCCCTCGCAGACCCTCTCACTCACCTGTGCCATCTCCGGGGACAGTGTCTCTAGCAACAGTGCTGCTTGGAACTGGATCAGGCAGTCCCCATCGAGAGGCCTTGAGTGGCTGGGAAGGACATACTACAGGTCCAAGTGGTATAATGATTATGCAGTATCTGTGAAAAGTCGAATAACCATCAACCCAGACACATCCAAGAACCAGTTCTCCCTGCAGCTGAACTCTGTGACTCCCGAGGACACGGCTGTGTATTACTGTGCAAGAGA","CAGGTACAGCTGCAGCAGTCAGGTCCA...GGACTGGTGAAGCCCTCGCAGACCCTCTCACTCACCTGTGCCATCTCCGGGGACAGTGTCTCT......AGCAACAGTGCTGCTTGGAACTGGATCAGGCAGTCCCCATCGAGAGGCCTTGAGTGGCTGGGAAGGACATACTACAGGTCC...AAGTGGTATAATGATTATGCAGTATCTGTGAAA...AGTCGAATAACCATCAACCCAGACACATCCAAGAACCAGTTCTCCCTGCAGCTGAACTCTGTGACTCCCGAGGACACGGCTGTGTATTACTGTGCAAGAGA"
